1694 1352
32 1442 1066 22 19
P 771 1089
10 612 842 14 34
14 129 815 31 50
8 164 838 22 41
P 621 192
11 977 1139 32 8
P 1139 391
17 655 413 23 48
5 634 1153 4 17
P 415 387
22 1464 14 23 35
7 28 919 36 15
20 309 750 30 11
P 731 1350
2 82 359 9 14
P 560 387
P 455 891
21 701 274 19 10
P 408 557
P 1408 938
25 677 711 43 7
P 780 439
18 707 1052 29 6
P 854 283
29 1555 1318 12 3
24 1220 241 32 26
P 802 127
35 1181 216 12 47
P 408 176
34 257 949 45 29
33 839 516 28 16
23 749 1056 42 48
P 141 1252
30 878 794 4 36
16 844 533 33 35
13 272 306 48 11
P 1097 785
3 564 264 44 8
28 64 1175 34 32
9 535 192 11 22
31 694 806 37 48
19 747 563 12 40
4 345 599 12 14
12 87 431 12 36
1 883 954 28 22
15 852 887 24 37
6 1691 1339 3 3
26 951 861 50 21
27 314 1014 3 13
36 0 0 20 1300
37 1555 0 139 1000