1477 1861
3 1306 72 21 8
P 535 599
7 962 499 9 19
P 963 1190
P 61 185
P 3 586
22 683 129 3 12
P 343 1028
P 1292 1330
38 1139 550 29 4
6 305 552 3 13
17 470 1579 6 9
P 662 1818
36 752 1590 28 25
19 762 31 15 4
P 1315 764
P 873 201
P 258 1417
P 1345 1790
23 1248 398 7 22
26 454 602 17 1
P 858 1805
P 438 1384
31 1134 1811 1 21
13 114 265 19 23
35 90 1385 8 20
P 460 1458
P 724 1503
P 1434 403
P 697 107
P 15 210
39 1249 1015 10 30
18 1022 1051 26 1
21 805 758 17 5
5 756 1827 30 25
11 765 557 9 16
P 454 717
1 1041 892 28 15
P 436 1660
34 672 125 12 2
10 76 991 4 16
14 101 1477 28 21
32 43 252 7 28
9 278 743 28 20
30 368 418 22 7
40 977 1631 23 8
27 73 492 16 3
16 906 1525 20 18
28 47 991 26 24
4 953 936 18 6
29 443 1585 5 19
15 639 442 19 7
20 96 621 25 8
37 839 1829 21 2
2 567 1667 27 29
8 27 385 30 18
25 1391 1258 25 22
24 781 1738 27 12
12 1453 395 24 26
33 992 786 24 23
