18109784
1317764
38633364
5082 7602
299
M001 3374 2072 5082 5306
M002 1316 6888 2870 7560
M003 2884 6580 5068 7588
M004 532 2926 2142 6006
M005 0 3948 532 5334
M006 1022 6006 2884 6888
M007 980 1344 1330 2212
M008 728 0 1372 1246
M009 0 2128 462 3108
M010 1022 6888 1316 7504
M011 2548 4662 3374 5040
M012 2506 5040 2912 5838
M013 2142 2338 2408 3010
M014 2142 3920 2548 4844
M015 0 3108 406 3948
M016 462 2128 784 2926
M017 630 6832 1022 7588
M018 2422 1638 3500 2030
M019 0 1302 392 2128
M020 462 1302 714 2100
M021 630 6006 1022 6832
M022 2142 4844 2506 5796
M023 784 2408 1918 2898
M024 714 1302 980 2100
M025 2100 0 2884 322
M026 1372 0 2100 350
M027 2534 322 3374 686
M028 1330 1344 1848 2408
M029 1372 350 1862 1344
M030 0 0 728 1302
M031 3528 1512 4578 1904
M032 2548 3920 3332 4298
M033 2422 2030 3374 3920
M034 1862 1190 2422 2338
M035 3374 0 4228 392
M036 2534 1190 3528 1638
M037 2912 5306 3472 6524
M038 0 5334 448 6300
M039 2548 4298 3332 4662
M040 4004 5670 4396 6538
M041 3472 5306 4326 5670
M042 3500 1904 3878 2072
M043 3472 5670 4004 6580
M044 0 6300 630 7602
M045 4396 5306 5068 6468
M046 2534 686 3738 1190
M047 2100 322 2534 1134
M048 3738 392 5040 1120
M049 3738 1120 4480 1512
