18266965.5
1304310
38999100
5306 7350
299
M001 1386 0 4620 1708
M002 4620 0 5292 1554
M003 0 1050 1008 3234
M004 3696 4228 5306 7308
M005 3920 3696 5306 4228
M006 2800 5446 3682 7308
M007 2450 1708 3318 2058
M008 0 0 1246 644
M009 4620 1554 5082 2534
M010 0 5292 616 5586
M011 1008 1050 1386 1876
M012 1386 1708 2184 2114
M013 924 4900 1596 5166
M014 1316 3416 1722 4340
M015 0 644 840 1050
M016 1890 4718 2212 5516
M017 630 6272 1022 7028
M018 2324 5516 2716 6594
M019 924 4074 1316 4900
M020 630 5166 1428 5418
M021 1974 6958 2800 7350
M022 1022 6594 1974 6958
M023 2212 4956 3346 5446
M024 1624 4718 1890 5516
M025 1022 6272 1806 6594
M026 3346 4508 3696 5236
M027 560 4074 924 4914
M028 1806 5516 2324 6580
M029 630 5782 1624 6272
M030 1722 2114 2450 3416
M031 0 3682 1050 4074
M032 1596 4340 2380 4718
M033 2450 2058 3402 3948
M034 2380 3948 3528 4508
M035 3528 3276 3920 4130
M036 0 3234 994 3682
M037 0 4074 560 5292
M038 2380 4508 3346 4956
M039 1974 6594 2758 6958
M040 1022 6958 1890 7350
M041 630 5418 1484 5782
M042 5082 1554 5250 1932
M043 1722 3416 2254 4326
M044 0 5586 630 6888
M045 1050 2114 1722 3276
M046 3402 1708 4606 2212
M047 3920 3262 4732 3696
M048 3920 2534 5222 3262
M049 3528 2534 3920 3276
