18568437.6499999985
1244663
39741940
5306 7490
299
M001 0 0 1708 3234
M002 2660 0 4214 672
M003 3122 1246 5306 2254
M004 1708 5880 4788 7490
M005 4004 2254 4536 3640
M006 4032 3640 4914 5502
M007 2660 672 3528 1022
M008 4662 0 5306 1246
M009 2660 1022 3122 2002
M010 2982 5138 3598 5432
M011 0 5390 378 6216
M012 672 5516 1078 6314
M013 378 5516 644 6188
M014 1694 4088 2100 5012
M015 672 6314 1078 7154
M016 392 5068 1190 5390
M017 952 3234 1708 3626
M018 392 4676 1470 5068
M019 1190 5068 2016 5460
M020 1694 3808 2492 4060
M021 0 3948 392 4774
M022 0 3234 952 3598
M023 3528 672 4662 1162
M024 1708 1890 1974 2688
M025 728 3626 1512 3948
M026 0 3598 728 3948
M027 2856 3248 3220 4088
M028 3416 4074 3934 5138
M029 2982 2254 3472 3248
M030 392 3948 1694 4676
M031 3024 4088 3416 5138
M032 3220 3248 4004 3626
M033 1708 0 2660 1890
M034 1708 3248 2856 3808
M035 4914 4298 5306 5152
M036 2534 2254 2982 3248
M037 1974 1890 2534 3108
M038 2016 5068 2982 5516
M039 4788 6706 5152 7490
M040 2100 4088 2492 4956
M041 1708 5516 2562 5880
M042 1078 6818 1456 6986
M043 2492 4088 3024 4998
M044 1078 5516 1708 6818
M045 0 6216 672 7378
M046 4788 5502 5292 6706
M047 3220 3640 4032 4074
M048 4536 2254 5264 3556
M049 4914 3556 5306 4298
