18128308.1000000015
1394582
38580640
5180 7448
299
M001 882 616 2590 3850
M002 0 4956 1554 5628
M003 4172 2338 5180 4522
M004 2478 3864 4088 6944
M005 2912 1582 3444 2968
M006 0 448 882 2310
M007 4088 5376 4438 6244
M008 4438 5684 5082 6930
M009 3738 6944 4718 7406
M010 2212 0 2506 616
M011 0 2632 378 3458
M012 378 2632 784 3430
M013 2590 2380 2856 3052
M014 2590 658 2996 1582
M015 2590 3416 3430 3822
M016 2590 1582 2912 2380
M017 0 3458 392 4214
M018 2086 3850 2478 4928
M019 2506 0 3332 392
M020 3332 0 4130 252
M021 0 6986 826 7378
M022 392 4340 1344 4704
M023 392 3850 1526 4340
M024 2590 392 3388 658
M025 0 2310 784 2632
M026 1736 5754 2086 6482
M027 1302 7084 2142 7448
M028 1302 6566 2366 7084
M029 1554 4760 2044 5754
M030 3444 2562 4172 3864
M031 2086 4928 2478 5978
M032 3444 1400 4228 1778
M033 4228 448 5180 2338
M034 3388 252 3948 1400
M035 4088 4522 4480 5376
M036 0 0 994 448
M037 994 0 2212 560
M038 4130 0 5096 448
M039 3444 1778 3808 2562
M040 2996 658 3388 1526
M041 2590 3052 3444 3416
M042 3570 6944 3738 7322
M043 1554 3850 2086 4760
M044 0 5628 1302 6258
M045 4480 4522 5152 5684
M046 2366 6944 3570 7448
M047 1302 5754 1736 6566
M048 0 6258 1302 6986
M049 0 4214 392 4956
