18797613.4499999993
1245363
40250364
5334 7546
299
M001 560 4228 3794 5936
M002 3794 5894 4466 7448
M003 4326 2856 5334 5040
M004 560 5936 3640 7546
M005 0 5754 532 7140
M006 3122 0 4984 882
M007 2604 3822 3472 4172
M008 1610 798 2856 1442
M009 3276 2660 3738 3640
M010 798 1232 1414 1526
M011 1302 0 2128 378
M012 0 630 798 1036
M013 1834 2646 2100 3318
M014 2100 2646 2506 3570
M015 2128 0 2968 406
M016 1414 1442 2212 1764
M017 728 1526 1120 2282
M018 2044 406 3122 798
M019 1456 2254 2282 2646
M020 1120 1526 1372 2324
M021 4326 2464 5152 2856
M022 4326 2086 5278 2450
M023 1372 1764 2506 2254
M024 2506 1610 2772 2408
M025 3528 1638 3850 2422
M026 4984 0 5334 728
M027 4312 5040 5152 5404
M028 3794 4032 4312 5096
M029 3794 5404 4788 5894
M030 2856 882 4158 1610
M031 2772 1610 3164 2660
M032 1456 2646 1834 3430
M033 504 2338 1456 4228
M034 1456 3570 2604 4130
M035 3472 3640 4326 4032
M036 0 3542 448 4536
M037 0 4536 560 5754
M038 4326 1638 5292 2086
M039 4536 1274 5320 1638
M040 4158 882 5026 1274
M041 3164 1610 3528 2464
M042 4158 1274 4536 1442
M043 3738 2660 4270 3570
M044 0 0 1302 630
M045 2604 2660 3276 3822
M046 0 2338 504 3542
M047 798 798 1610 1232
M048 0 1036 728 2338
M049 1302 406 2044 798
